fc: 795.5661469089503
optnet: 1333.4837280341387