fc: 666.1534249387937
optnet: 1282.758674072962